case	score
656	16.25155666
634	11.26302083
620	36.73770492
617	12.23195409
616	33.55817875
608	18.52367688
603	27.64091858
599	18.38729383
587	20.78239609
572	4
533	14.3728223
529	20.2577821
513	8.047411104
487	8.244274809
481	12.55854801
472	17.87012987
470	28.97291773
465	13.04347826
413	33.93333333
408	21.05563481
395	11.49425287
382	54.09305065
353	5.053946621
347	12.8422782
346	33.57664234
342	35.61463543
341	12.7012987
301	6.869075422
295	35.56535686
282	0
271	7.972027972
249	25.7909216
244	16.90962099
241	13.91132651
240	47.95514512
228	5.192107996
190	36.38193845
168	15.13157895
148	29.01554404
126	19.42336874
122	8.615384615
98	39.14893617
97	25.18337408
92	10.63261063
89	0.868127325
70	52.7145359
65	13.11605723
52	22.84644195
36	25.35861901
28	9.918845807
26	3.466386555
