Slide name	Histological Score Nuclei	All Nucleus	Nucleus Negative	Nucleus Positive	Nucleus Low	Nucleus Medium	Nucleus High	Nucleus Low	Nucleus Medium	Nucleus High
V-122-2-730576	4	108	104	4	4	0	0	3.703703704	0	0
V-122-2-730576	0	46	46	0	0	0	0	0	0	0
V-122-3-730565	3	275	269	6	4	2	0	1.454545455	0.727272727	0
V-122-3-730565	1	98	97	1	1	0	0	1.020408163	0	0
V-126-1-730682	4	711	685	26	26	0	0	3.656821378	0	0
V-126-1-730682	2	507	496	11	11	0	0	2.169625247	0	0
V-126-3-730681	8	219	203	16	14	2	0	6.392694064	0.913242009	0
V-126-3-730681	0	21	21	0	0	0	0	0	0	0
V-148-1-730684	6	107	104	3	1	1	1	0.934579439	0.934579439	0.934579439
V-148-1-730684	0	40	40	0	0	0	0	0	0	0
V-148-2-730694	25	247	216	31	13	6	12	5.263157895	2.429149798	4.858299595
V-148-2-730694	8	88	85	3	1	0	2	1.136363636	0	2.272727273
V-148-3-730683	40	87	69	18	7	5	6	8.045977012	5.747126437	6.896551724
V-148-3-730683	6	52	51	1	0	0	1	0	0	1.923076923
V-168-1-730584	15	34	32	2	0	1	1	0	2.941176471	2.941176471
V-168-1-730584	0	7	7	0	0	0	0	0	0	0
V-168-2-730594	5	152	148	4	1	3	0	0.657894737	1.973684211	0
V-168-2-730594	0	75	75	0	0	0	0	0	0	0
V-168-3-730583	17	163	144	19	11	7	1	6.748466258	4.294478528	0.613496933
V-168-3-730583	2	43	42	1	1	0	0	2.325581395	0	0
V-189-1-730524	8	2915	2783	132	60	55	17	2.05831904	1.886792453	0.583190395
V-189-1-730524	0	549	547	2	2	0	0	0.364298725	0	0
V-189-2-730534	14	2926	2691	235	102	82	51	3.485987697	2.802460697	1.742993848
V-189-2-730534	1	484	480	4	1	3	0	0.20661157	0.619834711	0
V-189-3-730523	5	601	578	23	13	10	0	2.163061564	1.663893511	0
V-189-3-730523	0	116	116	0	0	0	0	0	0	0
V-190-1-730724	28	877	735	142	69	46	27	7.867730901	5.245153934	3.078677309
V-190-1-730724	2	212	207	5	5	0	0	2.358490566	0	0
V-190-2-730734	30	1292	1038	254	132	111	11	10.21671827	8.591331269	0.851393189
V-190-2-730734	3	405	398	7	3	4	0	0.740740741	0.987654321	0
V-190-3-730723	26	1565	1295	270	151	103	16	9.6485623	6.581469649	1.022364217
V-190-3-730723	3	478	468	10	8	2	0	1.673640167	0.418410042	0
V-206-3-730543	8	38	35	3	3	0	0	7.894736842	0	0
V-228-1-730564	4	653	640	13	6	4	3	0.918836141	0.612557427	0.45941807
V-228-1-730564	0	108	108	0	0	0	0	0	0	0
V-228-2-730574	0	72	72	0	0	0	0	0	0	0
V-228-2-730574	0	2	2	0	0	0	0	0	0	0
V-228-3-730563	1	862	856	6	2	4	0	0.232018561	0.464037123	0
V-228-3-730563	0	150	150	0	0	0	0	0	0	0
V-240-1-730538	63	1365	832	533	245	247	41	17.94871795	18.0952381	3.003663004
V-240-1-730538	8	237	223	14	10	4	0	4.219409283	1.687763713	0
V-240-2-730548	62	884	548	336	155	148	33	17.53393665	16.74208145	3.733031674
V-240-2-730548	3	167	164	3	1	2	0	0.598802395	1.19760479	0
V-240-3-730537	65	759	463	296	122	153	21	16.07378129	20.15810277	2.766798419
V-240-3-730537	1	108	107	1	1	0	0	0.925925926	0	0
V-241-1-730640	17	2440	2238	202	53	77	72	2.172131148	3.155737705	2.950819672
V-241-1-730640	1	374	372	2	1	0	1	0.267379679	0	0.267379679
V-241-2-730650	20	2346	2102	244	92	81	71	3.921568628	3.452685422	3.026427963
V-241-2-730650	1	330	328	2	2	0	0	0.606060606	0	0
V-241-3-730639	17	1539	1401	138	51	52	35	3.313840156	3.378817414	2.274204029
V-241-3-730639	1	249	247	2	1	1	0	0.401606426	0.401606426	0
V-244-1-730744	0	82	82	0	0	0	0	0	0	0
V-244-1-730744	6	18	17	1	1	0	0	5.555555556	0	0
V-244-2-730754	8	144	135	9	7	2	0	4.861111111	1.388888889	0
V-244-2-730754	0	33	33	0	0	0	0	0	0	0
V-244-3-730743	6	98	93	5	4	1	0	4.081632653	1.020408163	0
V-244-3-730743	13	85	78	7	4	2	1	4.705882353	2.352941177	1.176470588
V-249-1-730702	25	726	635	91	29	36	26	3.994490358	4.958677686	3.581267218
V-249-1-730702	5	444	430	14	8	6	0	1.801801802	1.351351351	0
V-249-2-730712	28	803	695	108	31	35	42	3.860523039	4.358655044	5.230386052
V-249-2-730712	5	256	249	7	4	1	2	1.5625	0.390625	0.78125
V-26-1-730706	0	2060	2058	2	1	1	0	0.048543689	0.048543689	0
V-26-1-730706	0	379	379	0	0	0	0	0	0	0
V-26-2-730716	0	2499	2496	3	3	0	0	0.120048019	0	0
V-26-2-730716	0	556	556	0	0	0	0	0	0	0
V-26-3-730705	0	1937	1933	4	4	0	0	0.206504904	0	0
V-26-3-730705	0	629	629	0	0	0	0	0	0	0
V-271-1-730522	2	585	575	10	10	0	0	1.709401709	0	0
V-271-1-730522	1	150	149	1	1	0	0	0.666666667	0	0
V-271-2-730532	2	368	359	9	9	0	0	2.445652174	0	0
V-271-2-730532	1	85	84	1	1	0	0	1.176470588	0	0
V-271-3-730521	4	447	431	16	13	3	0	2.908277405	0.67114094	0
V-271-3-730521	0	85	85	0	0	0	0	0	0	0
V-28-1-730646	8	294	278	16	9	7	0	3.06122449	2.380952381	0
V-28-1-730646	2	301	299	2	0	1	1	0	0.332225914	0.332225914
V-28-2-730656	7	335	318	17	12	3	2	3.582089552	0.895522388	0.597014925
V-28-2-730656	3	453	444	9	6	3	0	1.324503311	0.662251656	0
V-28-3-730645	10	438	413	25	12	8	5	2.739726027	1.826484018	1.141552511
V-28-3-730645	1	374	372	2	0	1	1	0	0.267379679	0.267379679
V-282-1-730542	6	47	45	2	1	1	0	2.127659575	2.127659575	0
V-282-1-730542	0	11	11	0	0	0	0	0	0	0
V-295-1-730722	76	1515	923	592	199	221	172	13.13531353	14.58745875	11.35313531
V-295-1-730722	11	214	199	15	7	7	1	3.271028037	3.271028037	0.46728972
V-295-2-730732	56	511	358	153	54	64	35	10.56751468	12.52446184	6.849315069
V-295-2-730732	10	83	79	4	1	2	1	1.204819277	2.409638554	1.204819277
V-295-3-730721	47	555	417	138	52	49	37	9.369369369	8.828828829	6.666666667
V-295-3-730721	7	166	159	7	4	1	2	2.409638554	0.602409639	1.204819277
V-301-1-730742	3	1741	1708	33	18	7	8	1.03388857	0.402067777	0.459506031
V-301-1-730742	2	203	199	4	4	0	0	1.97044335	0	0
V-301-2-730752	5	2933	2859	74	25	22	27	0.852369587	0.750085237	0.920559154
V-301-2-730752	1	651	648	3	1	2	0	0.153609831	0.307219662	0
V-301-3-730741	2	3129	3097	32	17	10	5	0.54330457	0.319590924	0.159795462
V-301-3-730741	1	1186	1181	5	3	1	1	0.252951096	0.084317032	0.084317032
V-321-1-730660	22	1898	1657	241	90	127	24	4.741833509	6.691253952	1.264488936
V-321-1-730660	3	600	589	11	6	5	0	1	0.833333333	0
V-321-2-730670	29	1745	1448	297	123	142	32	7.048710602	8.137535817	1.833810888
V-321-2-730670	3	713	699	14	8	6	0	1.122019635	0.841514727	0
V-321-3-730659	52	1848	1353	495	155	209	131	8.387445887	11.30952381	7.088744589
V-321-3-730659	5	786	762	24	14	7	3	1.781170484	0.890585242	0.381679389
V-341-1-730604	14	1166	1068	98	48	36	14	4.116638079	3.087478559	1.200686106
V-341-1-730604	3	480	471	9	4	3	2	0.833333333	0.625	0.416666667
V-341-2-730614	17	1911	1724	187	83	63	41	4.343275772	3.296703297	2.145473574
V-341-2-730614	4	836	815	21	10	9	2	1.196172249	1.076555024	0.23923445
V-341-3-730603	20	1331	1191	140	52	56	32	3.906836965	4.207362885	2.404207363
V-341-3-730603	7	477	456	21	11	8	2	2.306079665	1.677148847	0.419287212
V-342-1-730562	5	2014	1910	104	100	2	2	4.965243297	0.099304866	0.099304866
V-342-1-730562	1	748	743	5	5	0	0	0.668449198	0	0
V-342-2-730572	18	1820	1521	299	270	26	3	14.83516484	1.428571429	0.164835165
V-342-2-730572	1	342	337	5	5	0	0	1.461988304	0	0
V-342-3-730561	15	1633	1404	229	211	16	2	12.92100429	0.979791794	0.122473974
V-342-3-730561	4	723	694	29	28	1	0	3.872752421	0.138312586	0
V-346-1-730680	0	26	26	0	0	0	0	0	0	0
V-346-3-730679	0	37	37	0	0	0	0	0	0	0
V-347-1-730638	3	1441	1406	35	22	12	1	1.526717557	0.832755031	0.069396253
V-347-1-730638	1	184	183	1	1	0	0	0.543478261	0	0
V-347-2-730648	11	1443	1354	89	37	31	21	2.564102564	2.148302148	1.455301455
V-347-2-730648	4	110	108	2	1	0	1	0.909090909	0	0.909090909
V-347-3-730637	21	1492	1326	166	69	52	45	4.624664879	3.485254692	3.016085791
V-347-3-730637	2	161	158	3	2	1	0	1.242236025	0.621118012	0
V-353-1-730700	1	640	635	5	4	1	0	0.625	0.15625	0
V-353-1-730700	0	534	532	2	2	0	0	0.374531835	0	0
V-353-2-730710	0	928	926	2	2	0	0	0.215517241	0	0
V-353-2-730710	0	792	791	1	1	0	0	0.126262626	0	0
V-353-3-730699	2	97	96	1	0	1	0	0	1.030927835	0
V-353-3-730699	0	63	63	0	0	0	0	0	0	0
V-36-1-730726	5	1682	1595	87	85	2	0	5.053507729	0.118906064	0
V-36-1-730726	1	69	68	1	1	0	0	1.449275362	0	0
V-36-2-730736	8	1874	1733	141	135	5	1	7.203842049	0.266808965	0.053361793
V-36-2-730736	1	278	276	2	1	1	0	0.35971223	0.35971223	0
V-36-3-730725	7	1898	1776	122	110	11	1	5.795574289	0.579557429	0.052687039
V-36-3-730725	2	65	64	1	1	0	0	1.538461539	0	0
V-382-1-730624	49	538	315	223	192	19	12	35.68773234	3.531598513	2.230483271
V-382-1-730624	4	56	54	2	2	0	0	3.571428571	0	0
V-382-2-730634	47	2297	1392	905	787	72	46	34.26208098	3.134523291	2.002612103
V-382-2-730634	4	203	195	8	7	1	0	3.448275862	0.492610837	0
V-382-3-730623	30	2745	2123	622	446	152	24	16.24772313	5.537340619	0.87431694
V-382-3-730623	3	90	87	3	3	0	0	3.333333333	0	0
V-395-1-730720	4	1426	1395	31	14	11	6	0.981767181	0.771388499	0.420757363
V-395-1-730720	1	506	501	5	3	2	0	0.592885375	0.395256917	0
V-395-2-730730	4	77	75	2	1	1	0	1.298701299	1.298701299	0
V-395-2-730730	0	35	35	0	0	0	0	0	0	0
V-395-3-730719	14	1215	1106	109	55	42	12	4.526748971	3.456790124	0.987654321
V-395-3-730719	3	484	474	10	5	5	0	1.033057851	1.033057851	0
V-408-1-730582	10	1261	1177	84	47	30	7	3.727200634	2.379064235	0.555114988
V-408-1-730582	2	791	780	11	10	1	0	1.264222503	0.12642225	0
V-408-2-730592	19	2802	2460	342	187	125	30	6.673804425	4.461099215	1.070663812
V-408-2-730592	1	662	655	7	6	1	0	0.906344411	0.151057402	0
V-408-3-730581	9	112	104	8	6	2	0	5.357142857	1.785714286	0
V-408-3-730581	3	39	38	1	1	0	0	2.564102564	0	0
V-413-1-730740	2	1447	1431	16	11	4	1	0.760193504	0.276434001	0.0691085
V-413-1-730740	0	335	335	0	0	0	0	0	0	0
V-414-1-730666	10	271	256	15	8	3	4	2.95202952	1.10701107	1.47601476
V-414-1-730666	3	231	225	6	5	1	0	2.164502165	0.432900433	0
V-414-2-730676	18	171	154	17	9	3	5	5.263157895	1.754385965	2.923976608
V-414-2-730676	0	128	128	0	0	0	0	0	0	0
V-414-3-730665	15	554	506	48	24	11	13	4.332129964	1.985559567	2.346570397
V-414-3-730665	3	336	331	5	1	2	2	0.297619048	0.595238095	0.595238095
V-465-2-730530	11	56	52	4	2	2	0	3.571428571	3.571428571	0
V-465-2-730530	0	16	16	0	0	0	0	0	0	0
V-470-1-730602	19	868	724	144	130	11	3	14.97695853	1.267281106	0.34562212
V-470-1-730602	2	200	196	4	4	0	0	2	0	0
V-470-2-730612	13	342	298	44	43	0	1	12.57309942	0	0.292397661
V-470-2-730612	0	40	40	0	0	0	0	0	0	0
V-470-3-730601	16	763	648	115	108	7	0	14.15465269	0.917431193	0
V-470-3-730601	3	603	586	17	16	1	0	2.653399668	0.165837479	0
V-472-1-730686	12	643	593	50	28	15	7	4.354587869	2.33281493	1.088646967
V-472-1-730686	0	75	75	0	0	0	0	0	0	0
V-472-2-730696	0	218	217	1	1	0	0	0.458715596	0	0
V-472-2-730696	2	203	200	3	2	1	0	0.985221675	0.492610837	0
V-472-3-730685	17	1261	1109	152	106	33	13	8.406026963	2.616970658	1.030927835
V-472-3-730685	2	199	196	3	3	0	0	1.507537688	0	0
V-481-1-730540	6	1304	1229	75	66	9	0	5.061349693	0.690184049	0
V-481-1-730540	1	1039	1032	7	5	2	0	0.481231954	0.192492782	0
V-481-2-730550	10	700	645	55	42	13	0	6	1.857142857	0
V-481-2-730550	1	436	432	4	4	0	0	0.917431193	0	0
V-481-3-730539	9	1399	1297	102	82	18	2	5.861329521	1.28663331	0.142959257
V-481-3-730539	2	1010	995	15	14	1	0	1.386138614	0.099009901	0
V-487-1-730622	4	1515	1464	51	45	6	0	2.97029703	0.396039604	0
V-487-1-730622	2	691	677	14	12	2	0	1.736613604	0.289435601	0
V-487-2-730632	3	565	550	15	13	1	1	2.300884956	0.17699115	0.17699115
V-487-2-730632	1	232	230	2	2	0	0	0.862068966	0	0
V-487-3-730621	5	1159	1101	58	56	2	0	4.83175151	0.172562554	0
V-487-3-730621	0	657	654	3	3	0	0	0.456621005	0	0
V-500-1-730662	78	3590	1976	1614	609	823	182	16.9637883	22.92479109	5.069637883
V-500-1-730662	2	220	217	3	1	2	0	0.454545455	0.909090909	0
V-500-2-730672	102	2567	1197	1370	457	581	332	17.80288274	22.63342423	12.93338528
V-500-2-730672	4	156	152	4	3	0	1	1.923076923	0	0.641025641
V-500-3-730661	81	2749	1567	1182	421	469	292	15.31465988	17.06074936	10.62204438
V-500-3-730661	2	334	330	4	2	2	0	0.598802395	0.598802395	0
V-513-1-730580	8	799	747	52	38	13	1	4.755944931	1.627033792	0.125156446
V-513-1-730580	4	746	720	26	19	7	0	2.54691689	0.938337802	0
V-513-2-730590	4	1530	1487	43	22	21	0	1.437908497	1.37254902	0
V-513-2-730590	1	141	140	1	1	0	0	0.709219858	0	0
V-513-3-730579	4	1207	1171	36	20	16	0	1.657000829	1.325600663	0
V-513-3-730579	0	6	6	0	0	0	0	0	0	0
V-52-1-730586	0	48	48	0	0	0	0	0	0	0
V-52-1-730586	0	12	12	0	0	0	0	0	0	0
V-52-2-730596	7	195	189	6	2	1	3	1.025641026	0.512820513	1.538461539
V-52-2-730596	0	33	33	0	0	0	0	0	0	0
V-52-3-730585	11	18	16	2	2	0	0	11.11111111	0	0
V-520-1-730560	0	160	160	0	0	0	0	0	0	0
V-520-1-730560	0	34	34	0	0	0	0	0	0	0
V-520-2-730570	3	383	378	5	1	1	3	0.261096606	0.261096606	0.783289817
V-520-2-730570	0	152	152	0	0	0	0	0	0	0
V-520-3-730559	12	50	48	2	0	0	2	0	0	4
V-520-3-730559	0	57	57	0	0	0	0	0	0	0
V-529-1-730698	18	2470	2160	310	189	109	12	7.651821862	4.412955466	0.48582996
V-529-1-730698	0	591	589	2	2	0	0	0.338409475	0	0
V-529-2-730708	17	2223	1964	259	153	98	8	6.882591093	4.40845704	0.359874044
V-529-2-730708	2	743	732	11	10	1	0	1.34589502	0.134589502	0
V-529-3-730697	8	351	328	23	19	4	0	5.413105413	1.13960114	0
V-529-3-730697	0	81	81	0	0	0	0	0	0	0
V-533-1-730600	1	1482	1461	21	20	1	0	1.349527665	0.067476383	0
V-533-1-730600	0	585	583	2	2	0	0	0.341880342	0	0
V-533-2-730610	5	1443	1374	69	69	0	0	4.781704782	0	0
V-533-2-730610	0	709	708	1	1	0	0	0.141043724	0	0
V-533-3-730599	11	409	368	41	39	2	0	9.535452323	0.488997555	0
V-533-3-730599	1	483	478	5	4	1	0	0.82815735	0.207039337	0
V-572-3-730517	9	109	103	6	2	4	0	1.834862385	3.669724771	0
V-572-3-730517	0	42	42	0	0	0	0	0	0	0
V-587-1-730738	17	385	346	39	16	20	3	4.155844156	5.194805195	0.779220779
V-587-1-730738	3	36	35	1	1	0	0	2.777777778	0	0
V-587-2-730748	7	61	58	3	2	1	0	3.278688525	1.639344262	0
V-587-2-730748	0	2	2	0	0	0	0	0	0	0
V-587-3-730737	33	52	41	11	7	2	2	13.46153846	3.846153846	3.846153846
V-599-1-730678	15	807	732	75	39	28	8	4.832713755	3.469640644	0.991325898
V-599-1-730678	0	2	2	0	0	0	0	0	0	0
V-599-2-730688	10	201	185	16	12	4	0	5.970149254	1.990049751	0
V-599-2-730688	8	13	12	1	1	0	0	7.692307692	0	0
V-599-3-730677	19	871	780	91	36	38	17	4.133180253	4.362801378	1.951779564
V-599-3-730677	7	175	168	7	2	5	0	1.142857143	2.857142857	0
V-603-1-730644	10	1688	1581	107	56	35	16	3.317535545	2.073459716	0.947867299
V-603-1-730644	1	479	473	6	6	0	0	1.252609603	0	0
V-603-2-730654	11	650	607	43	23	13	7	3.538461539	2	1.076923077
V-603-2-730654	3	198	195	3	1	1	1	0.505050505	0.505050505	0.505050505
V-603-3-730643	13	1458	1346	112	49	45	18	3.360768176	3.086419753	1.234567901
V-603-3-730643	2	197	195	2	1	1	0	0.507614213	0.507614213	0
V-608-1-730558	5	296	283	13	11	2	0	3.716216216	0.675675676	0
V-608-1-730558	1	91	90	1	1	0	0	1.098901099	0	0
V-608-2-730568	12	824	752	72	47	23	2	5.703883495	2.791262136	0.242718447
V-608-2-730568	1	122	121	1	1	0	0	0.819672131	0	0
V-608-3-730557	9	135	126	9	7	1	1	5.185185185	0.740740741	0.740740741
V-608-3-730557	0	10	10	0	0	0	0	0	0	0
V-616-2-730630	44	1268	976	292	112	100	80	8.832807571	7.886435331	6.309148265
V-616-2-730630	10	146	135	11	8	2	1	5.479452055	1.369863014	0.684931507
V-616-3-730619	53	490	327	163	85	58	20	17.34693878	11.83673469	4.081632653
V-616-3-730619	6	285	269	16	15	1	0	5.263157895	0.350877193	0
V-617-1-730578	2	1333	1300	33	33	0	0	2.475618905	0	0
V-617-1-730578	1	253	251	2	2	0	0	0.790513834	0	0
V-617-2-730588	7	1337	1256	81	73	8	0	5.459985041	0.598354525	0
V-617-2-730588	2	347	341	6	6	0	0	1.729106628	0	0
V-617-3-730577	4	2106	2036	70	66	3	1	3.133903134	0.142450142	0.047483381
V-617-3-730577	2	60	59	1	1	0	0	1.666666667	0	0
V-620-1-730598	43	2624	2002	622	259	224	139	9.870426829	8.536585366	5.297256098
V-620-1-730598	2	313	310	3	2	0	1	0.638977636	0	0.319488818
V-620-2-730608	51	2176	1551	625	265	244	116	12.17830882	11.21323529	5.330882353
V-620-2-730608	4	406	394	12	7	4	1	1.724137931	0.985221675	0.246305419
V-620-3-730597	61	3228	2170	1058	379	459	220	11.74101611	14.21933086	6.815365551
V-620-3-730597	4	313	304	9	7	2	0	2.236421725	0.638977636	0
V-634-1-730664	14	1103	992	111	71	37	3	6.436990027	3.354487761	0.271985494
V-634-1-730664	3	628	610	18	16	2	0	2.547770701	0.318471338	0
V-634-2-730674	5	1011	976	35	22	13	0	2.176063304	1.285855589	0
V-634-2-730674	1	542	537	5	5	0	0	0.922509225	0	0
V-634-3-730663	6	1277	1232	45	22	18	5	1.722787784	1.409553641	0.391542678
V-634-3-730663	1	460	456	4	2	2	0	0.434782609	0.434782609	0
V-641-3-730717	8	301	285	16	8	7	1	2.657807309	2.325581395	0.332225914
V-641-3-730717	0	74	74	0	0	0	0	0	0	0
V-65-1-730526	15	344	318	26	9	9	8	2.61627907	2.61627907	2.325581395
V-65-1-730526	4	324	315	9	4	5	0	1.234567901	1.543209877	0
V-65-2-730536	15	424	388	36	14	15	7	3.301886793	3.537735849	1.650943396
V-65-2-730536	2	262	259	3	2	1	0	0.763358779	0.381679389	0
V-65-3-730525	14	318	290	28	17	7	4	5.34591195	2.201257862	1.257861635
V-65-3-730525	0	115	115	0	0	0	0	0	0	0
V-656-1-730618	20	1454	1286	168	79	59	30	5.433287483	4.057771664	2.063273728
V-656-1-730618	5	194	188	6	3	3	0	1.546391753	1.546391753	0
V-656-2-730628	8	293	280	13	6	5	2	2.04778157	1.706484642	0.682593857
V-656-2-730628	0	45	45	0	0	0	0	0	0	0
V-656-3-730617	7	509	487	22	11	10	1	2.161100197	1.964636542	0.196463654
V-656-3-730617	0	84	84	0	0	0	0	0	0	0
V-70-2-730756	6	1049	1005	44	27	11	6	2.573879886	1.048617731	0.571973308
V-70-2-730756	0	184	184	0	0	0	0	0	0	0
V-70-3-730745	5	21	20	1	1	0	0	4.761904762	0	0
V-89-1-730606	0	1786	1781	5	4	1	0	0.223964166	0.055991041	0
V-89-1-730606	0	136	136	0	0	0	0	0	0	0
V-89-2-730616	0	766	766	0	0	0	0	0	0	0
V-89-2-730616	0	64	64	0	0	0	0	0	0	0
V-89-3-730605	0	149	149	0	0	0	0	0	0	0
V-89-3-730605	0	53	53	0	0	0	0	0	0	0
V-92-1-730546	6	566	543	23	14	8	1	2.473498233	1.413427562	0.176678445
V-92-1-730546	1	145	144	1	0	1	0	0	0.689655172	0
V-92-2-730556	5	2574	2489	85	45	28	12	1.748251748	1.087801088	0.466200466
V-92-2-730556	1	197	196	1	1	0	0	0.507614213	0	0
V-92-3-730545	14	2545	2357	188	81	58	49	3.182711198	2.278978389	1.925343811
V-92-3-730545	1	230	228	2	2	0	0	0.869565217	0	0
V-97-1-730704	13	106	94	12	10	2	0	9.433962264	1.886792453	0
V-97-1-730704	0	18	18	0	0	0	0	0	0	0
V-97-2-730714	2	331	325	6	4	2	0	1.208459215	0.604229607	0
V-97-2-730714	0	201	201	0	0	0	0	0	0	0
V-97-3-730703	12	264	241	23	15	7	1	5.681818182	2.651515152	0.378787879
V-97-3-730703	1	70	69	1	1	0	0	1.428571429	0	0
V-98-1-730626	23	406	361	45	12	17	16	2.955665025	4.187192118	3.9408867
V-98-1-730626	3	444	436	8	4	4	0	0.900900901	0.900900901	0
V-98-2-730636	38	141	110	31	17	6	8	12.05673759	4.255319149	5.673758865
V-98-2-730636	3	40	39	1	1	0	0	2.5	0	0
V-98-3-730625	22	596	519	77	36	29	12	6.040268456	4.865771812	2.013422819
V-98-3-730625	1	240	237	3	3	0	0	1.25	0	0
