    case zeroPositive i.zeroPositive
 1:   26            0          0.139
 2:   28            5          5.436
 3:   36            3          6.417
 4:   52            2          3.065
 5:   65            8          8.287
 6:   70            5          4.206
 7:   89            0          0.185
 8:   92           14          5.207
 9:   97            2          5.849
10:   98           14         13.386
11:  122            8          2.611
12:  126            0          4.516
13:  148            7         11.791
14:  168            5          7.163
15:  190           18         17.836
16:  228            5          1.197
17:  240           32         38.730
18:  244            2          4.321
19:  249           15         13.015
20:  271            3          2.500
21:  282            2          4.255
22:  295           28         34.212
23:  301            5          1.781
24:  341           11          9.642
25:  342            9         11.560
26:  353            1          0.480
27:  382           27         31.362
28:  395           11          5.224
29:  408           15         10.395
30:  413            0          1.106
31:  465            2          7.143
32:  470            7         15.357
33:  472            7          9.566
34:  481            9          6.818
35:  487            4          3.828
36:  513            5          3.705
37:  529           15         11.737
38:  533            2          3.929
39:  572            4          5.505
40:  587            8         10.643
41:  599           11          9.686
42:  603            6          6.902
43:  608           11          7.490
44:  616           25         25.882
45:  617            1          3.853
46:  620           44         28.712
47:  634            6          5.633
48:  656           14          8.998
    case zeroPositive i.zeroPositive
$x
 [1]  0.0784 -0.0784 -0.9265 -0.2372 -0.0261  0.4596  0.0261  1.8627 -1.0100
[10]  0.4023  1.4544 -1.2025 -1.3180 -0.4596  0.1309  1.1011 -1.8627 -0.5791
[19]  0.7076  0.2913 -0.5184 -1.6250  0.8491  0.6421 -0.6421  0.3462 -1.1011
[28]  1.6250  1.2025 -0.2913 -1.4544 -2.3110 -0.7076  0.7764  0.1838  0.5184
[37]  0.9265 -0.4023 -0.3462 -0.7764  0.5791 -0.1838  1.0100 -0.1309 -0.8491
[46]  2.3110  0.2372  1.3180

$y
 [1] -0.139 -0.436 -3.417 -1.065 -0.287  0.794 -0.185  8.793 -3.849  0.614
[11]  5.389 -4.516 -4.791 -2.163  0.164  3.803 -6.730 -2.321  1.985  0.500
[21] -2.255 -6.212  3.219  1.358 -2.560  0.520 -4.362  5.776  4.605 -1.106
[31] -5.143 -8.357 -2.566  2.182  0.172  1.295  3.263 -1.929 -1.505 -2.643
[41]  1.314 -0.902  3.510 -0.882 -2.853 15.288  0.367  5.002

NULL
[1] -8.35
[1] 8.21

	One-sample z-Test

data:  difference
z = -0.07, p-value = 0.9
alternative hypothesis: true mean is not equal to 0
95 percent confidence interval:
 -1.99  1.86
sample estimates:
mean of x 
  -0.0679 


	One-sample z-Test

data:  difference
z = -0.07, p-value = 0.9
alternative hypothesis: true mean is not equal to 0
99 percent confidence interval:
 -2.60  2.46
sample estimates:
mean of x 
  -0.0679 

