    case zeroPositive i.zeroPositive
 1:   26            0          0.139
 2:   28            5          5.436
 3:   36            3          6.417
 4:   52            2          3.065
 5:   65            8          8.287
 6:   70            5          4.206
 7:   89            0          0.185
 8:   92           14          5.207
 9:   97            2          5.849
10:   98           14         13.386
11:  122            8          2.611
12:  126            0          4.516
13:  148            7         11.791
14:  168            5          7.163
15:  190           18         17.836
16:  228            5          1.197
17:  244            2          4.321
18:  249           15         13.015
19:  271            3          2.500
20:  282            2          4.255
21:  301            5          1.781
22:  341           11          9.642
23:  342            9         11.560
24:  353            1          0.480
25:  395           11          5.224
26:  408           15         10.395
27:  413            0          1.106
28:  465            2          7.143
29:  470            7         15.357
30:  472            7          9.566
31:  481            9          6.818
32:  487            4          3.828
33:  513            5          3.705
34:  529           15         11.737
35:  533            2          3.929
36:  572            4          5.505
37:  587            8         10.643
38:  599           11          9.686
39:  603            6          6.902
40:  608           11          7.490
41:  617            1          3.853
42:  634            6          5.633
43:  656           14          8.998
    case zeroPositive i.zeroPositive
$x
 [1]  0.0000 -0.1758 -1.1363 -0.2957 -0.1169  0.4201 -0.0583  2.2692 -1.2555
[10]  0.3572  1.5706 -1.3957 -1.5706 -0.5513  0.0583  1.1363 -0.6929  0.6929
[19]  0.2353 -0.6206  0.8500  0.6206 -0.7691  0.2957  1.8134  1.2555 -0.3572
[28] -1.8134 -2.2692 -0.8500  0.7691  0.1169  0.4847  0.9368 -0.4847 -0.4201
[37] -0.9368  0.5513 -0.2353  1.0315 -1.0315  0.1758  1.3957

$y
 [1] -0.139 -0.436 -3.417 -1.065 -0.287  0.794 -0.185  8.793 -3.849  0.614
[11]  5.389 -4.516 -4.791 -2.163  0.164  3.803 -2.321  1.985  0.500 -2.255
[21]  3.219  1.358 -2.560  0.520  5.776  4.605 -1.106 -5.143 -8.357 -2.566
[31]  2.182  0.172  1.295  3.263 -1.929 -1.505 -2.643  1.314 -0.902  3.510
[41] -2.853  0.367  5.002

NULL
[1] -6.69
[1] 6.67

	One-sample z-Test

data:  difference
z = -0.008, p-value = 1
alternative hypothesis: true mean is not equal to 0
95 percent confidence interval:
 -2.04  2.02
sample estimates:
mean of x 
 -0.00845 


	One-sample z-Test

data:  difference
z = -0.008, p-value = 1
alternative hypothesis: true mean is not equal to 0
99 percent confidence interval:
 -2.68  2.66
sample estimates:
mean of x 
 -0.00845 


