

chi squared test p-value table

      CACNG4  SPAG5 CACNG4..NvsC SFRS7 SFRS7.percent  CHD1   GA13
grade 0.6149 0.0571        0.342 0.789        0.0446 0.308 0.0015
Size  0.1212 0.7503        0.899 0.818        0.2187 0.783 0.6765
LVI   0.6631 0.1189        0.991 0.405        0.1856 0.495 0.9961
LN    0.5233 0.6123        0.071 0.379        0.6846 0.719 0.2958
ER    0.2371 0.6983        0.421 0.548        0.8941 0.852 0.0554
PR    0.0884 0.2896        0.289 0.582        0.2596 0.456 0.0129
HER.2 0.7469 0.8647        0.737 0.657        0.4173 0.460 0.5298


fisher test p-value table

      CACNG4  SPAG5 CACNG4..NvsC SFRS7 SFRS7.percent  CHD1    GA13
grade  0.678 0.0763       0.5424 0.882        0.0477 0.366 0.00177
Size   0.139 0.7924       1.0000 0.886        0.2367 0.884 0.77266
LVI    0.671 0.1229       1.0000 0.443        0.2038 0.532 1.00000
LN     0.565 0.6718       0.0817 0.442        0.7480 0.753 0.35448
ER     0.279 0.7258       0.4251 0.565        1.0000 0.845 0.07147
PR     0.100 0.3079       0.3266 0.631        0.3209 0.512 0.01510
HER.2  0.844 1.0000       0.6670 0.831        0.5088 0.513 0.66110
